30 30
42222222222577777777777777777
8          677777777777777777
8          677777777777777777
8          677777777777777777
8          677777777777777777
9CCC3 1CCCCA77742222222222257
77778 6777777778           67
4222D B222257778           67
8          67778           67
8          B222D           67
8                          67
8          1CCC3           67
9CCCCCCCCCCA7778           67
7777777777777778           67
7777777777777778           67
7777777777777778           67
7777777777777779CCCCCCCCCCCA7
77777777777777777777777777777
77777777777777777777777777777
77777777777777777777777777777
77777777777777777777777777777
77777777777777777777777777777
77777777777777777777777777777
77777777777777777777777777777
77777777777777777777777777777
77777777777777777777777777777
77777777777777777777777777777
77777777777777777777777777777
77777777777777777777777777777
1,1 10,5 0 0 0
1,9 10,12 1 3 4
